image,ALB,BET,DOL,LAG,NoF,OTHER,SHARK,YFT
img_00005.jpg,0.00348646374221,4.86180820991e-07,7.42644792298e-07,8.38535287875e-09,0.831645433401,0.000125738771809,5.02437776248e-06,0.164736102496
img_00007.jpg,0.201215460165,0.00504326040792,0.0044202189122,5.73261251038e-06,6.49464100538e-06,0.365029171565,0.058290554166,0.36598910753
img_00009.jpg,0.86039664433,0.0417302923939,2.36569360915e-07,1.3229971984e-06,0.000695388739387,0.0345308506933,0.0621050729605,0.0005401913165
img_00018.jpg,0.956781312948,0.000376711595311,0.00474710996439,0.00965920420425,4.20816663907e-07,0.0272861354969,0.000853797778001,0.000295307196286
img_00027.jpg,0.648641994911,0.0125416338754,2.9120982738e-05,1.08186134469e-10,8.79107845183e-05,0.018914685986,0.175865818681,0.143918834671
img_00030.jpg,0.153983977777,3.54657839331e-07,2.18076575439e-08,6.80161210372e-10,0.844549753323,2.32075042718e-10,0.000139716976121,0.0013261745463
img_00040.jpg,0.201325487929,0.412592567017,1.80765955708e-18,4.57372007991e-06,6.74701471384e-18,0.328837426477,0.0175073136563,0.0397326312004
img_00046.jpg,0.941351837004,2.24340021269e-09,1.57028598233e-08,8.91075985281e-05,0.0566905791501,0.000162191169309,0.000213451471301,0.00149281566021
img_00053.jpg,0.304121217531,0.0318730157575,0.00242588893606,0.000753442909317,0.658810453838,0.00198579040478,2.27029569808e-10,3.01903962452e-05
img_00071.jpg,0.787117192953,0.0324692839897,1.83034161619e-06,0.128047702262,0.00530030767597,0.0470616629191,1.44408360877e-07,1.87544995296e-06
img_00075.jpg,0.878598690018,0.00105198185228,1.45728702445e-08,1.44334892482e-09,0.0027800326092,0.0804696304799,6.94146263588e-10,0.0370996483305
img_00102.jpg,0.431239958575,0.0310631054845,5.12669644621e-05,4.1666205762e-09,0.0223349417162,0.0267369529867,0.409431899771,0.0791418703354
img_00103.jpg,0.924499425411,0.000801382200553,0.00150294365015,4.129138632e-05,0.0283749086131,5.90460832336e-05,0.000188106954773,0.0445328957004
img_00109.jpg,0.827136138478,0.120466503204,6.90504370154e-06,3.39547837978e-09,0.0201514143697,3.56967833472e-06,9.86523928506e-09,0.0322354559662
img_00119.jpg,0.0080502482595,1.59702928146e-11,1.00711127142e-06,1.52540234041e-10,0.0012300267679,1.5852700969e-07,5.03596491458e-08,0.990718508806
img_00120.jpg,0.115001511717,0.0232597042779,0.000850898679371,1.71071139115e-05,0.00163632454782,0.0133250991419,0.198930335957,0.646979018565
img_00125.jpg,0.964864968277,1.82095964231e-06,1.26058425073e-05,3.81483310095e-08,1.68639670239e-11,0.00147619477813,1.16951154083e-06,0.0336432024663
img_00128.jpg,0.136027788441,0.00618719664265,0.00327017136022,0.00109580433953,3.80650146079e-06,3.969219504e-05,1.21854780033e-09,0.853375539301
img_00129.jpg,0.499325910149,0.000936681682486,1.4679286482e-14,1.01861887835e-07,1.84064543553e-09,0.153990981438,0.154604150202,0.191142172826
img_00133.jpg,0.436751083011,2.56895647834e-07,7.40160571659e-05,0.00336012929481,0.462010854988,0.0977489109433,4.46080210154e-09,5.47443501695e-05
img_00138.jpg,0.984569918164,0.000737529047039,2.23990417911e-05,3.71444115264e-07,0.00110799617072,0.0121488539513,2.21509419399e-06,0.00141071708714
img_00141.jpg,0.00799588012292,0.00215265158727,0.0328718420935,0.00137927893261,9.94043060943e-05,2.46187006523e-05,2.31602039251e-07,0.955476092655
img_00152.jpg,0.00140033070937,0.101660535302,0.0458737398721,4.5480026003e-08,0.000425212573494,0.0521247398281,2.61221425127e-07,0.798515135013
img_00161.jpg,1.80881744938e-05,0.000386575432639,7.49900598225e-05,0.000244735567462,0.009818414381,1.35956838419e-05,0.000378224905524,0.989065375795
img_00164.jpg,0.0981931267311,1.54399081606e-06,0.0264088746046,0.00975870283916,0.46590642973,0.0188721557643,0.0066865457105,0.37417262063
img_00170.jpg,0.17405591749,0.000459455663332,7.72776304254e-14,0.747397204556,0.0622206361614,0.0102636723137,6.39300752587e-23,0.0056031138151
img_00171.jpg,0.405071213226,0.000280813816941,4.59991889669e-05,0.00363114772537,0.000131964855992,0.57641595411,6.27475603509e-10,0.014422906449
img_00172.jpg,1.44106638483e-06,1.1992432914e-18,1.45984200287e-13,1.24420775767e-08,0.968661217809,3.48468467719e-06,1.18808692173e-34,0.0313338439978
img_00175.jpg,0.490366411525,0.00247476025987,1.21515082571e-10,2.16926050114e-06,0.00114250019364,0.505020025495,1.0660576732e-12,0.000994133142995
img_00180.jpg,0.553833625779,0.000233665818438,4.85065292544e-08,2.88059415865e-08,0.00225574914989,6.22073191875e-08,8.95890401809e-05,0.443587230692
img_00196.jpg,0.722162586777,5.44248905376e-07,4.71049601362e-06,2.65898370745e-11,0.277795940437,2.24005000545e-05,1.60003444972e-06,1.22174799577e-05
img_00212.jpg,0.600278649064,0.379303895373,1.33647346056e-05,1.38188677146e-05,0.0184848934442,1.23191063116e-05,4.85035470639e-05,0.00184455586349
img_00223.jpg,0.847530237519,4.53284498963e-05,0.0523663724312,0.000978576053638,0.00173756686761,0.0763227282969,0.000406493309446,0.0206126970728
img_00230.jpg,0.0788646182196,0.00105759275695,7.1132782558e-06,0.00111933643707,0.000307450624381,0.572752158036,0.000116940439068,0.345774790209
img_00232.jpg,0.0103250429568,0.56264036854,1.60465064587e-09,0.000228176445667,0.378669043135,0.000152830527906,0.0450379146094,0.00294662218105
img_00244.jpg,0.900764346515,0.00362687441956,6.22823217371e-05,7.07998670983e-05,0.00249917390253,0.000782775364891,0.0064271318388,0.0857666157703
img_00272.jpg,0.411581746943,2.31928815691e-07,0.567580071692,0.00441608868765,0.00606347723549,0.000109949611943,6.29826235089e-06,0.0102421356389
img_00280.jpg,0.4693059621,0.00765884890003,4.79515905731e-05,5.1106516223e-09,0.521336391914,7.94323672847e-05,0.000235017588096,0.00133639042928
img_00282.jpg,0.490634020402,0.000221841739276,4.89287630439e-06,0.000409743958214,0.00170993292393,0.503607134029,4.88644424732e-10,0.00341243358203
img_00285.jpg,0.579079047674,0.0701990666284,3.14758475515e-07,0.00166796358133,0.00576893867667,0.0165701936416,0.287893810102,0.0388206649371
img_00289.jpg,0.984011250591,0.000416571293431,0.0014433954053,1.77417471448e-08,0.0119789266986,0.00170353936973,5.78932890983e-06,0.000440509571193
img_00292.jpg,0.640789764926,0.00270276916848,0.000137177225451,2.71278293974e-11,0.000473409888222,0.00156454199115,0.0118900525963,0.342442284177
img_00302.jpg,0.214525397766,0.0632494907646,8.72441585212e-20,1.01384171865e-06,5.48063612828e-17,0.66931846988,0.0112268074222,0.0416788203252
img_00311.jpg,0.56913295535,2.45515801727e-10,2.57829152999e-09,1.93626015156e-08,0.022771355288,1.4078712945e-07,0.000232003173185,0.407863523215
img_00320.jpg,0.954736988863,0.000527733139081,3.69600389447e-12,0.0017685876985,0.0403609586084,1.79810225254e-10,0.00153930092529,0.00106643058267
img_00331.jpg,0.0167588712778,0.0445786915569,0.00136898995821,0.000451806061814,0.040964947143,0.102531039801,0.144096487864,0.649249166338
img_00358.jpg,0.0146882207473,0.0565155521928,0.00123654798814,1.98769328293e-05,0.00496764419063,0.0414357376924,0.0375668018456,0.84356961841
img_00374.jpg,0.170529295996,0.0465357612249,0.0592501685219,0.000270488227377,0.0643519447439,0.00267257834051,8.97127190029e-05,0.656300050226
img_00375.jpg,0.973991329261,6.0935906121e-05,8.00068639679e-05,0.000131323370941,0.00198910883069,0.00214216320889,1.92144383122e-06,0.021603211115
img_00376.jpg,0.656810263602,0.000606358480754,3.02191440734e-06,5.67241593782e-10,0.000231278426537,0.0042159068799,0.336448102246,0.00168506788373
img_00380.jpg,0.938396369859,0.0179639293689,4.09175029462e-05,1.72399101116e-05,0.0287915850195,3.96624682866e-05,2.86739514726e-07,0.0147500091315
img_00383.jpg,0.961193599507,2.92864314228e-05,1.60523033046e-06,7.56507545395e-06,0.000638529892256,2.71142608908e-05,0.0381005868765,1.71272590344e-06
img_00398.jpg,0.845022224517,1.1570331838e-05,0.000136916145336,1.18439287612e-06,0.147339930889,1.54446521751e-06,2.78325467999e-05,0.00745879671168
img_00407.jpg,0.841635485138,0.00015739026457,0.145188094122,0.000184733388562,0.00183620956963,0.00382337485084,1.5631516006e-08,0.00717469703503
img_00417.jpg,0.490839801635,0.498952766461,2.87295851487e-07,2.95542189158e-05,0.00963725375734,1.28509057504e-07,4.56799616299e-07,0.000539751323201
img_00432.jpg,0.379621037163,0.285720551016,0.32751547917,1.34000246119e-11,0.00205370393886,0.00501611808128,3.74883897516e-13,7.31106170972e-05
img_00442.jpg,0.668600654797,0.00107590025043,0.0510741293095,3.4528612562e-06,0.00570957769073,0.0201569233596,2.22816376483e-06,0.253377133568
img_00446.jpg,0.784008612184,9.23054046305e-07,1.63582031459e-08,0.00207801831563,0.0103659399867,0.203484192289,3.37602227598e-10,6.22974739371e-05
img_00469.jpg,0.796688500452,0.0210521471009,5.00410332927e-06,1.73598837579e-06,0.151616462249,0.000697063629061,3.93488258964e-05,0.0298997376512
img_00473.jpg,0.339515416339,0.0196446983204,0.000237887885849,2.67558824551e-09,0.0020286096093,1.21098985903e-05,1.51146388702e-10,0.63856127512
img_00483.jpg,0.177718040091,3.53215226759e-07,2.16536139693e-08,2.19464534432e-09,5.06098053098e-09,1.29901215582e-05,3.85346400424e-08,0.822268549128
img_00484.jpg,0.811554751898,0.0772632081528,0.000474182121851,0.081765240797,6.02655698768e-05,0.00374769478545,7.41982700734e-09,0.0251346492556
img_00486.jpg,0.700075066763,0.000271626144911,0.0451177482075,2.43804679189e-06,0.00622719797121,0.134069515476,1.35580475351e-05,0.114222849343
img_00487.jpg,0.0109243742074,0.0629717406853,9.12168612433e-05,0.0611350730828,0.796876045624,2.49148179933e-07,0.0121587121895,0.055842588202
img_00493.jpg,0.196940036732,4.92266566096e-07,0.00203963616171,2.25217796972e-05,0.77316677799,0.00671863924091,0.00460560643024,0.0165062893989
img_00518.jpg,0.771894436711,2.77576425826e-08,8.76822722133e-05,2.47315520498e-06,0.2276547697,2.21146172959e-06,8.15942390674e-06,0.000350239517879
img_00533.jpg,0.290095813411,0.0184022234534,3.66764500904e-05,2.95331697887e-14,0.00012811562801,0.00851469731261,0.464732987723,0.218089486022
img_00538.jpg,0.478502190564,0.0617963859782,9.01534632901e-05,0.458342262194,0.00111393563478,7.18703170504e-08,2.54031140391e-07,0.000154746263723
img_00543.jpg,0.946593322611,1.87528962659e-07,3.36282666082e-08,1.17675224266e-06,0.0187800233267,6.00688608362e-06,2.92859796728e-05,0.034589963287
img_00550.jpg,0.630564852003,0.00527286594133,0.0651469076258,5.04517104909e-13,0.266718219938,0.0134152986554,0.00182405243315,0.0170578034028
img_00551.jpg,0.72892836807,4.75776411205e-07,6.32475832756e-06,0.0483716222855,0.185349320783,0.0209069785338,9.67165168397e-13,0.0164369097919
img_00564.jpg,0.27432200226,5.0695810007e-09,0.00583212457937,0.000137890908421,0.615125668647,0.00108284852916,0.000386727125631,0.10311273288
img_00575.jpg,0.00872494936506,0.000580873893358,5.63542156806e-06,1.45196277834e-06,0.0374073377163,0.00246834710343,0.627745084889,0.323066319649
img_00582.jpg,0.19868222739,0.00852285704738,0.000162138925252,1.29560489853e-07,0.600496606994,0.174803541324,4.34008721954e-05,0.0172890978873
img_00584.jpg,0.945042342492,8.34855808084e-11,1.47183858601e-10,5.59141192095e-05,1.23753102326e-05,0.000409360177927,0.0544787919648,1.2157048654e-06
img_00587.jpg,0.534665169327,0.0171363767881,1.47882350636e-05,1.05375877388e-06,2.16719794666e-05,0.00466050588615,0.146087041253,0.297413392773
img_00590.jpg,0.522028735116,0.000231655984941,3.8288274457e-07,2.2991381651e-09,0.000760373278401,0.176841557238,0.00973359767205,0.290403695528
img_00591.jpg,0.68498395763,0.00038696494815,3.80580237811e-07,1.50591740678e-09,0.00533724152412,0.0968041979638,0.0276985461925,0.184788709655
img_00598.jpg,0.807865271696,0.00617450612023,0.000131376802615,0.0134842942286,0.172276130052,3.36265827636e-07,2.03369371378e-08,6.80644979335e-05
img_00599.jpg,0.592401947493,6.78387959415e-07,3.43538440281e-15,3.31529794551e-09,0.000246702789604,0.271535684644,0.0115991903975,0.124215792973
img_00612.jpg,0.103212391487,0.000286761242599,1.09181253259e-07,5.43474055739e-05,0.00142060851604,0.878657440789,0.00550941239384,0.0108589289846
img_00618.jpg,0.30789880642,0.00261356359683,0.0011156475977,1.47620994684e-06,0.676242101143,5.11985345258e-06,8.09588955302e-09,0.0121232770837
img_00620.jpg,0.965474939978,0.00020509660686,8.24306462447e-06,0.00349206020868,0.0252938936183,0.000630171736315,4.50115368296e-06,0.00489109363324
img_00642.jpg,0.346489083142,0.0309437905097,9.01379806735e-06,0.392130684785,0.0227094587882,0.030323528551,9.30570786064e-11,0.177394440332
img_00646.jpg,0.0104657300775,0.00136216343872,8.23801448076e-05,1.87769263075e-08,1.68756693273e-05,0.0335326229435,3.88728535956e-07,0.954539820221
img_00648.jpg,0.691019313626,8.23047763238e-10,9.95434033758e-10,1.41196243986e-08,0.0921178670461,4.70481883715e-06,2.60867809749e-05,0.21683201179
img_00650.jpg,0.101917268913,0.0487025603113,9.99460008494e-06,1.94669086047e-06,0.000162716449809,0.180427039785,0.013541090027,0.655237383223
img_00654.jpg,0.104874799287,0.0830917245456,5.75407692055e-05,0.00375000426229,0.0973296252377,0.307797438994,0.00492149231605,0.398177374588
img_00664.jpg,0.988818439446,0.000934911863897,1.49997131772e-09,2.46760984907e-08,0.0102466019219,4.96896853676e-18,8.04089922499e-09,1.25511310541e-08
img_00667.jpg,0.543111463765,4.34638180474e-08,8.28408500082e-09,5.78119985299e-12,0.456865083629,1.67119590017e-06,4.0519038722e-09,2.17256046512e-05
img_00676.jpg,0.13538355392,2.42530668808e-10,4.03699492693e-06,1.2884549026e-10,0.0101844228414,3.86701487723e-06,5.82993994212e-07,0.854423535864
img_00697.jpg,0.00469261492316,0.0388664120869,0.00115669046966,0.000207203895671,4.36489337346e-09,2.62442740725e-06,6.63291496486e-13,0.955074449832
img_00708.jpg,0.313401652904,0.000699903919419,8.96840313003e-08,3.41797791096e-05,0.00637986914726,0.0801496168145,0.00345365141709,0.595881036334
img_00716.jpg,0.422830817801,0.169037078199,2.78942213285e-05,7.78633145223e-07,0.0223249358346,0.00448457290209,0.319048986569,0.06224493584
img_00717.jpg,0.920889444961,0.00175269483392,3.13111591365e-05,0.00177841832374,0.00403485252661,0.0288193201918,1.64617532337e-06,0.0426923118284
img_00718.jpg,0.854955277167,0.000894079978084,1.489983767e-07,0.00330180712778,0.0114647384004,0.0119457609576,2.72249660407e-12,0.117438187367
img_00723.jpg,0.37134043227,0.0425558908037,5.08435491337e-08,0.194806505127,0.389367144449,0.000323610378598,0.000317485091261,0.00128888103573
img_00724.jpg,0.928900288871,0.00014124046575,6.35914018646e-05,1.40539794649e-06,0.00483811443481,0.000165156919845,0.0404416377299,0.0254485647784
img_00726.jpg,0.928841275436,5.02359465823e-06,1.74242455661e-06,1.25003579916e-07,0.0217066534418,2.76327367083e-09,0.000959684077513,0.0484854932587
img_00729.jpg,0.955613822666,4.87772480987e-10,3.4594180044e-07,1.82707332329e-07,0.0440073031307,1.15633047797e-05,2.25045927212e-05,0.000344277168775
img_00730.jpg,0.451439255796,0.00344278822679,4.53716336224e-05,3.55944848005e-06,0.000181103421172,0.0330625482432,0.493094817822,0.0187305554081
img_00757.jpg,0.903328225966,0.000549458583443,6.11311784267e-05,0.000405047301631,0.000203963016911,0.0930193531347,1.74763335171e-07,0.00243264605573
img_00760.jpg,0.980834870791,9.66459711814e-06,0.00501475867052,3.42582414028e-07,0.000683976806353,0.0115529274446,0.000865189454937,0.00103826965321
img_00763.jpg,0.233085401975,0.048460544947,0.0105612850468,3.51119707574e-18,0.34436086774,0.0329151584753,0.32712930995,0.00348743186556
img_00764.jpg,0.000256832493775,9.7604032323e-07,0.00223395089615,5.89048981361e-05,0.00171405442052,2.84550729013e-08,3.03672186767e-11,0.995735252766
img_00765.jpg,0.419530998111,0.00112861491051,0.00342656588724,0.00175340993894,0.0239940313793,0.541662342366,0.00773612639688,0.000767911010588
img_00772.jpg,0.00130381111445,0.0136735784129,0.249593355265,1.20737020822e-05,7.34117146674e-16,0.000622945834607,6.25718748865e-19,0.734794235671
img_00773.jpg,0.923967056935,0.046472601468,0.00233485189511,0.00544103584759,0.00204363490358,0.0197273304902,8.32186750465e-06,5.16659350592e-06
img_00777.jpg,0.700515935207,0.00297337421393,2.93196820108e-07,3.48380895695e-05,0.000119570332165,0.00506737577929,0.000101586932554,0.291187026248
img_00780.jpg,0.00579703224321,0.00866404273474,0.00016260957742,3.93317723531e-07,1.51342574486e-05,0.00949207131272,1.28098958996e-07,0.975868588458
img_00798.jpg,0.547119212623,0.00292997830965,0.00130852213416,0.0964208447183,0.268962234061,0.0783947470537,7.8379497134e-05,0.00478608160334
img_00808.jpg,0.970986824638,0.015699214537,0.00053983571093,0.000433722054003,0.0117246274153,1.59253523122e-06,0.00012946335114,0.000484719758812
img_00816.jpg,0.993562728779,0.00304968421998,1.87590750425e-10,1.1807180561e-06,0.00338553578814,2.10188529185e-08,1.47167979719e-11,8.49273747001e-07
img_00828.jpg,0.217303478294,0.0170578447869,0.00953965793506,3.85063884236e-17,0.442724253181,0.0352055617025,0.269967845833,0.00820135826796
img_00833.jpg,0.163762283766,0.024132050515,4.5226587571e-05,1.21804463129e-06,0.00262577269663,0.00303060338889,0.0992596752639,0.707143169738
img_00837.jpg,0.904884314465,0.00054150686934,0.00495888735426,5.93915894907e-07,0.0138694274983,8.06917549622e-05,0.000156260981333,0.0755083171612
img_00855.jpg,0.651903823931,1.71931192898e-05,6.27760484311e-07,1.78075780011e-06,0.000580332244128,1.48803205194e-06,3.59795402815e-05,0.347458774615
img_00857.jpg,0.937748914856,0.000322810101706,5.25198172112e-12,0.00086257902769,0.0603723248722,1.41466771004e-09,0.00059835872778,9.50109951298e-05
img_00858.jpg,0.809584273333,0.000522003707882,7.4074889335e-10,1.82301433701e-05,0.000260869640138,2.53433953644e-08,1.72374301185e-06,0.189612873349
img_00865.jpg,0.948012769587,0.000799729572034,0.0120520168422,0.0149156147158,0.0147682064822,0.00446050284045,0.000258532997041,0.00473262696338
img_00876.jpg,0.173303014503,6.27645699596e-12,2.20491440084e-07,3.31851458948e-12,0.382471251129,5.18677111567e-06,8.61199839749e-07,0.444219465896
img_00889.jpg,0.155171349489,4.05421723727e-07,0.000719278637712,1.75776193394e-07,9.3708471397e-07,0.000141213715657,6.80406313027e-06,0.843959835812
img_00894.jpg,0.871053631226,0.1248871326,8.47639237836e-06,1.75536715273e-06,1.08447686346e-05,2.30393662893e-05,4.70977183167e-06,0.00401041050764
img_00902.jpg,0.000114838656296,0.469058659855,1.59729114634e-12,4.78419001208e-07,0.46010967248,7.04165397856e-05,0.0698657368189,0.0007801972287
img_00914.jpg,0.048228702319,2.62277761069e-05,0.00477832669305,1.33469836585e-05,2.04429430389e-05,4.95803869942e-13,0.000710713097268,0.946222240187
img_00921.jpg,0.411503695676,4.25349960226e-05,1.3758577325e-05,3.70691235874e-06,0.0001830369882,0.531646802011,0.000351240385749,0.0562552244541
img_00927.jpg,0.317407331942,0.200167486098,1.51737269873e-06,5.54071979976e-08,0.000986766450777,0.00156732586577,0.0502411071897,0.429628409674
img_00943.jpg,0.0182878179037,6.08765166024e-06,1.91661788852e-08,3.17833108678e-09,7.76835691862e-08,0.0157651757653,8.84768455648e-07,0.965939933883
img_00948.jpg,0.969125015841,4.19298238836e-05,0.000263520699816,4.43508691796e-09,0.0142374913513,2.39491496449e-06,8.22455076092e-08,0.0163295606881
img_00950.jpg,0.015040595683,0.0135101489603,1.26619197326e-07,2.27126198209e-07,0.97009123525,1.24620713121e-06,0.000185094106538,0.00117132604809
img_00959.jpg,0.744223765007,5.19890835979e-07,2.0273959861e-07,2.57671096937e-08,0.255046325107,0.000723563557734,1.77762361477e-06,3.82030647665e-06
img_00962.jpg,0.00230797323019,0.116830718418,0.00767664905292,1.14070324205e-05,5.87243439225e-09,0.000261498493824,5.73103230106e-10,0.872911747327
img_00964.jpg,0.000651760799215,0.123410127164,0.444137384141,0.000282986691371,6.16416683532e-10,0.000132512643611,1.34327339957e-10,0.43138522781
img_00966.jpg,0.964704052837,2.94226193526e-07,1.32749124571e-07,3.8344906939e-11,0.0193473695888,0.000238361021131,2.36292613264e-05,0.0156861602785
img_00974.jpg,0.56596483555,0.000770360567378,0.000123347899254,0.0949873203659,0.0651137057146,0.264940689306,2.9194142834e-06,0.00809682118256
img_00979.jpg,0.46101625824,0.000157212929305,0.00421154380941,3.30761909226e-05,0.00264172807092,1.54753302575e-05,0.000146638865123,0.531778066564
img_00982.jpg,0.96103164804,1.85971182667e-05,8.44252405854e-07,1.43588147496e-06,3.18600058685e-06,6.54240792568e-09,5.00514015639e-05,0.0388942307635
img_00985.jpg,0.440646911812,0.000563890634262,0.000118728355416,1.29755898205e-09,0.00026424681528,0.00101271533569,0.028552657099,0.528840848651
img_00999.jpg,0.555822698177,0.00139053257501,1.40259303556e-11,1.15329831961e-06,5.98832806013e-09,0.233812241112,0.00103542666434,0.207937942171
img_01022.jpg,0.112715891415,0.0108353439783,3.8707966682e-06,0.796168238825,0.0798338405973,3.27493959912e-05,6.54144545293e-14,0.000410064991699
img_01031.jpg,0.668164084625,0.229923428983,0.000124999442513,3.88130959535e-05,0.101672564763,3.49786839357e-05,6.5356308598e-09,4.11238707002e-05
img_01035.jpg,0.541265802159,0.00792684023554,2.3866990784e-05,0.013070540369,0.000230669779995,0.00318573598539,0.000818848152031,0.433477696328
img_01043.jpg,0.0345312937377,0.000114878142138,6.70314025541e-07,2.93189498781e-08,0.901403128403,0.0347096404776,1.06597528996e-05,0.0292296998532
img_01058.jpg,0.498891437623,2.73910749676e-28,0.000447435278238,1.46651839875e-07,0.000317714626392,0.49893512132,1.39361853279e-11,0.00140814448699
img_01059.jpg,0.859715993995,0.000436126983614,5.19146977162e-06,5.998306149e-08,0.0118691267933,0.126477997942,0.000664991616156,0.000830511217534
img_01090.jpg,0.119637502568,0.473568439384,1.11078415764e-09,0.00667263676893,0.304819347212,2.66679220496e-05,2.67808410125e-09,0.095275402357
img_01102.jpg,0.919068862021,9.82982696513e-05,0.000346066021539,2.48755718976e-10,0.0729766537805,0.000328337435492,3.88038377961e-06,0.00717790183981
img_01103.jpg,0.174968024876,0.00192160597378,0.000162172674992,2.17774847341e-06,0.0059595350226,0.00122698519574,0.000697206372232,0.815062292136
img_01116.jpg,0.943241385051,0.0021517031567,4.05467125749e-06,0.0520686322886,0.000949300190719,6.68585931287e-05,0.00136754722911,0.000150518819
img_01134.jpg,0.70327549448,1.26055156258e-06,3.15065232416e-07,0.194078839307,0.0532876895029,0.0139180507779,5.1960819238e-14,0.0354383503156
img_01142.jpg,0.931612563265,0.000300465065244,2.14022458802e-05,5.72029289247e-07,0.000542734299482,0.000390897820553,1.35688560641e-06,0.0671300083887
img_01168.jpg,0.46157899429,0.000944699190121,0.0419933552315,0.0847693010288,0.00154087859653,0.000154485055077,0.409018274032,1.25762687905e-08
img_01171.jpg,0.320143118712,0.0219821000392,6.21529270282e-05,4.00758040455e-14,0.53700020389,0.107647371394,0.0101152399947,0.00304981304364
img_01177.jpg,0.711082282025,0.00267526696204,0.00880553187339,0.0119393437971,0.0117693078368,0.0194603208965,0.00315442132429,0.231113525285
img_01179.jpg,0.615026627069,5.6067615297e-05,3.44332189061e-06,0.244800995612,0.140112604572,1.86508913031e-07,8.20723369959e-16,7.53008675139e-08
img_01188.jpg,0.481960660015,3.91581312261e-05,3.22861745783e-05,0.000200024259659,0.0149467076983,0.490141758786,0.000353088175809,0.0123263167588
img_01198.jpg,0.250212132081,0.513655933451,9.41199676435e-06,5.81682748148e-06,0.202586388448,0.000827468264903,3.50259433387e-07,0.032702498672
img_01204.jpg,0.194786931917,5.07766321631e-05,6.95323412189e-06,2.10589067693e-14,0.804582898692,0.000170888744263,1.85167243955e-08,0.000401532264054
img_01208.jpg,0.00128123523441,0.00109238763258,1.54883120292e-08,4.04123260285e-09,0.967439826039,8.45471720864e-10,3.00486063061e-06,0.0301835258585
img_01211.jpg,0.119452840339,0.0109270589048,1.75677360539e-06,0.0112143695665,0.0116546364607,0.000168364507492,9.23112525415e-05,0.846488662196
img_01213.jpg,0.815897530891,0.00999999151168,7.61012525962e-05,2.37989818953e-06,0.000201368342466,0.000405104494655,6.3237581104e-06,0.173411199852
img_01222.jpg,0.0480511742455,0.00298331092441,0.000506662976751,0.00612482066279,0.000201915605142,0.697960036005,0.104340144903,0.139831934678
img_01224.jpg,0.905562657898,1.09578437317e-12,0.0300857605666,6.38738064488e-09,0.013849169131,4.16568056831e-06,0.00765731342019,0.0428409269147
img_01237.jpg,0.415630007027,1.88202005543e-06,0.000656180341229,9.06333491547e-08,0.544244040455,0.00184149836692,0.0344310022871,0.00319529886926
img_01249.jpg,0.129885071468,0.485137863824,0.0065679727715,0.0443764276279,0.271691848696,7.47173774403e-07,1.02879015227e-05,0.0623297805368
img_01253.jpg,0.0290532526229,0.000305004013525,1.31641266619e-05,5.45322898799e-05,1.66499156721e-06,2.29178769723e-11,4.63438712241e-05,0.970526038061
img_01286.jpg,0.544370202723,0.00477537841442,4.234760666e-08,3.0828677043e-07,0.0315959596961,0.0349265375475,2.58132299559e-08,0.384331545171
img_01289.jpg,0.727847099343,0.00185500349834,1.13732123296e-06,1.85601429016e-05,0.0263984645188,0.207007337001,0.0102780570166,0.0265943411583
img_01325.jpg,0.156187316251,0.718994171418,0.000122238621842,0.00213621785978,0.0748679563316,0.00288623582712,3.67444536611e-05,0.0447691192369
img_01328.jpg,0.859297730334,0.00280300890241,7.43311683175e-06,0.0269837302401,0.0102513125386,0.0132166232248,3.0924386325e-05,0.0874092372569
img_01366.jpg,0.349850350704,0.00753100983569,4.05965973005e-08,0.00113806228989,2.70311208521e-05,0.626906033686,3.03487819164e-12,0.0145474717638
img_01371.jpg,0.455977655482,0.0417916729521,1.08472625106e-11,0.00197959668249,0.0380324472573,3.51741286456e-18,2.9288839058e-06,0.462215698731
img_01373.jpg,0.0745259735964,0.0170933316111,0.045687342243,4.94154182635e-05,0.776983445976,0.0244418813304,1.19219326811e-05,0.061206687892
img_01377.jpg,0.102977016275,0.00385495570363,0.000260654769675,0.0625039332187,0.808569430936,0.0150068442343,0.00616431275851,0.000662852103607
img_01379.jpg,0.464314385564,1.73368876733e-07,0.000811823457434,2.29883635353e-18,0.00361247828586,0.456632526511,1.05140109467e-06,0.0746275614117
img_01384.jpg,0.772325493259,0.00546653029969,0.0563023579964,7.20946996681e-11,0.094070627635,0.00877231270635,5.84701904523e-05,0.0630042078414
img_01388.jpg,0.581253977801,0.0301839179446,0.0035422693805,0.000333557672102,0.0378587963136,0.00835016511432,2.2650948819e-05,0.338454664825
img_01392.jpg,4.80251307712e-05,0.0527893137196,0.0277361836946,0.000516425534561,3.03940220279e-10,0.0121877153514,7.45804904524e-16,0.906722336265
img_01399.jpg,0.000158659832495,0.221120642267,0.100740138118,0.000322920159403,0.000218804448687,0.000948158265935,1.32525334304e-07,0.676490544383
img_01404.jpg,0.895483513998,0.00823363379034,0.000119218644469,1.93908169888e-07,0.0837957778428,0.0019789913003,3.46378435492e-05,0.0103540326723
img_01405.jpg,0.344430237796,0.286853394846,0.000625815964636,0.0012402045362,0.000783236422101,0.345538422146,3.81420664491e-06,0.0205248740825
img_01413.jpg,0.503051263107,0.000590407462149,8.03874214299e-05,0.0181978473043,0.0979488874236,0.296731361566,4.66559101312e-10,0.0833998452489
img_01426.jpg,0.1805234099,0.104132493467,1.86817360986e-05,5.33745708759e-12,3.62383897538e-06,0.000854637249541,5.89313817124e-09,0.714467147911
img_01431.jpg,0.992609584292,6.99765652928e-06,0.000907977042496,3.95189681416e-07,0.000295627401425,0.000246461862177,0.000562755923521,0.00537020063236
img_01441.jpg,0.00581025700209,0.000788789028827,7.58317987798e-05,4.68334236199e-07,0.037664673654,0.00164693604676,3.22478923956e-05,0.953980796243
img_01444.jpg,0.230257054025,0.00601086810329,3.03253071968e-05,3.82467542277e-06,9.85969728932e-05,0.0809553696872,0.0571190680157,0.625524893213
img_01490.jpg,0.490073671985,0.000431749788461,0.00026030602566,0.000671580892823,4.94771295773e-08,1.90267939899e-10,1.36708879153e-10,0.508562641504
img_01495.jpg,0.245478031967,0.00151256815389,0.00280856892722,4.06341115719e-06,0.0157260123455,0.0385501763195,0.00215173342741,0.693768845448
img_01505.jpg,0.429596131509,3.7985047359e-10,7.14974396045e-06,7.80741942499e-22,0.570140350612,0.000180284480683,1.31221636491e-05,6.29611110211e-05
img_01511.jpg,0.70028681169,3.59007792114e-05,0.299501791497,9.42004351978e-08,8.13333387543e-05,5.41780056137e-05,3.09509687546e-05,8.93952059993e-06
img_01519.jpg,0.356673501395,0.437270483141,3.16390346365e-06,0.000352291808185,0.000592995338729,0.0580197188846,0.128537344497,0.0185505010317
img_01530.jpg,0.904129161962,0.0669107693778,4.81443588208e-07,5.76305786482e-07,0.00522849527898,6.54101752513e-06,5.9317073737e-07,0.0237233814438
img_01537.jpg,0.158214542687,0.000109560094843,0.00185883249499,2.38163408495e-06,0.000357628220972,0.61385260784,3.92014619758e-06,0.225600526882
img_01538.jpg,0.0190254039518,0.0712530010685,6.87675864945e-06,0.809004754861,0.00400937894808,0.0957737843891,3.69310871135e-13,0.000926800022675
img_01541.jpg,0.181702804715,0.00328162683229,0.0137332602952,3.05409400349e-14,0.305686291894,0.0773552595884,0.000572001313334,0.417668755362
img_01543.jpg,0.18417447469,0.000474393586519,9.43158674617e-06,1.91053928522e-07,0.761418590595,0.0013765118169,1.4601853572e-06,0.0525449464862
img_01548.jpg,0.999169977054,7.45954171085e-05,5.31091071269e-08,2.92585100636e-07,0.000688817296154,6.2301783437e-05,7.97158603132e-10,3.9619575156e-06
img_01552.jpg,0.969903774221,0.00208180564221,1.64370247121e-12,6.88561087012e-05,0.0163158135741,1.1345172445e-08,0.0058507520058,0.00577898710172
img_01561.jpg,0.00362783454198,1.46036249652e-05,8.44286302586e-05,2.33624897327e-11,0.993537432213,9.69596456808e-06,0.00124339271388,0.00148261228835
img_01562.jpg,0.599041788451,7.21312703523e-05,4.01114386598e-08,6.16106708077e-06,0.00282974132014,0.0278127370292,0.0128991628218,0.357338237929
img_01571.jpg,3.18911752408e-05,3.73976101724e-08,4.5413011035e-10,4.39517048124e-06,6.40296723297e-10,0.0103196126243,1.5086693145e-05,0.989628975845
img_01593.jpg,0.405789844894,0.000101485017968,4.42793188057e-06,2.21241836728e-08,6.83494837822e-05,0.000722524614012,0.00315314020459,0.590160205729
img_01595.jpg,0.0379536425388,0.000858224954197,2.78542290446e-05,0.000543169586456,0.865261688096,0.00125688738876,1.5624687974e-08,0.0940985175818
img_01616.jpg,0.365004606762,2.42935366861e-09,5.70667480126e-06,2.40212907016e-07,0.634864131685,5.14720202004e-17,1.39282262792e-09,0.000125310843574
img_01618.jpg,0.977069141721,0.00398788016433,4.31403170024e-05,1.32081321015e-05,0.0119264853634,0.00318387141921,0.00137953219634,0.00239674068676
img_01627.jpg,0.967872287605,0.000725478341817,1.77941710619e-06,4.04241363788e-06,3.94920875313e-05,0.0283002493815,0.000202770091134,0.00285390066275
img_01632.jpg,0.999480684172,6.2823990641e-07,2.98539380515e-09,1.78630558892e-06,0.000449533177095,6.67111549761e-05,2.29776357544e-09,6.5166727309e-07
img_01633.jpg,0.815534913624,8.40190192064e-06,9.41863117028e-08,3.78522728356e-06,0.000668422794361,0.164513736372,0.00296561084386,0.0163050350498
img_01640.jpg,0.501434735144,8.6385574931e-13,8.48719583177e-10,8.95435868195e-09,0.0329001398328,3.1005905563e-07,1.31730036451e-05,0.465651632157
img_01646.jpg,0.976443852777,0.0199676236652,2.31108049639e-10,1.34386374399e-07,0.000541445815146,4.64151169832e-05,3.74416150412e-10,0.00300052763378
img_01647.jpg,0.88439896343,3.2496618625e-09,7.76562766687e-14,2.0235045466e-05,0.0381844120844,0.0150271663744,0.000866298471363,0.0615029213443
img_01649.jpg,0.762789083757,1.4843607997e-06,0.000178405410846,1.35990440735e-05,0.00137609152481,9.51038818928e-07,4.21151943766e-05,0.235598269669
img_01657.jpg,0.00541677960958,0.0521016509134,0.0741610587987,0.000122258582645,1.96389781551e-14,0.000166691128218,1.76507077899e-17,0.868031560967
img_01669.jpg,0.996471698343,0.000495510066963,0.000456917460799,2.77903735158e-09,0.000367701085052,0.000977077255764,0.00053144209213,0.000699650917468
img_01673.jpg,0.0454672458725,0.000133136372059,3.99751962951e-05,3.04231309637e-06,0.550720531074,7.43348124879e-05,1.67893019589e-05,0.403544945058
img_01681.jpg,0.984724875701,0.000604064320048,9.07690844955e-08,8.22277288879e-08,0.0146307008526,1.4193341576e-05,1.43310999658e-05,1.16616877581e-05
img_01684.jpg,0.280197009154,4.61830121422e-06,0.176630579609,0.0555526135818,0.433059093929,3.95978111616e-05,0.000209121363118,0.0543073662509
img_01685.jpg,0.226987920791,3.45592032405e-05,0.0260920850035,2.08105951083e-07,0.0365903729385,0.0342942684754,3.69824798618e-07,0.676000215657
img_01687.jpg,0.975820276229,0.0209838041251,1.37725877483e-08,1.58359482015e-10,0.00256388688173,0.000357037491047,0.000249863869665,2.51174724007e-05
img_01688.jpg,0.758695442164,0.000863601322364,1.26894296826e-06,6.68921193707e-07,0.0115694121022,0.136829921988,0.00712863710861,0.0849110474506
img_01689.jpg,0.0652539387464,0.000603232718033,0.000167687177328,1.38286181513e-08,0.0154200566334,0.0874610800761,0.00135805605373,0.829735934766
img_01716.jpg,0.207144686923,0.0330690018698,0.0123329749452,2.86837355856e-18,0.376577426465,0.0295680692908,0.335899873373,0.00540796713337
img_01717.jpg,0.384415963438,0.000802594858043,3.09675280858e-08,0.228031611308,0.386172441103,0.000448480722997,1.9130252929e-05,0.000109747349998
img_01724.jpg,0.000239991116566,3.26693453037e-06,0.00384880752697,3.7640673233e-08,1.24309233814e-07,0.498859927743,1.27965537105e-06,0.497046565074
img_01745.jpg,0.718124057163,0.0286411083525,0.0143719219869,0.00122393153516,9.48993894411e-05,0.116656799083,0.120306375892,0.000580906597658
img_01771.jpg,0.978745095462,0.0119329712958,0.000231820609478,0.0011491360194,3.41095481197e-06,2.39633059234e-06,4.11844503212e-07,0.00793475748336
img_01773.jpg,0.521040819226,0.0055568436882,4.97703107079e-05,1.76847576839e-06,0.00503043311917,0.0101503876116,0.0102648737105,0.447905103858
img_01781.jpg,0.000503007338655,0.00216981817858,1.37132473172e-07,0.218736644915,0.362599467969,0.00603434075283,3.09154911158e-14,0.409956583714
img_01782.jpg,0.0273336634148,7.92652518334e-07,8.78904248336e-09,8.82603376793e-07,0.972285985858,0.000110374551196,1.93960254711e-09,0.00026829019161
img_01802.jpg,0.34585052674,3.29648497492e-06,0.00638758123226,1.44079943575e-07,0.536902233843,0.0469172721286,0.000957248130899,0.0629816973602
img_01803.jpg,0.00108376160165,0.0481236895211,0.196433096199,4.87868515361e-05,1.26843295644e-14,0.000894334777266,8.35781194613e-17,0.75341633105
img_01824.jpg,0.708928586826,0.0036751272802,0.00106400332564,5.44885348004e-06,0.0147704782676,0.154009746464,0.114575527952,0.00297108103164
img_01825.jpg,0.256051264452,0.712693929692,3.46829578911e-05,2.90169459097e-05,0.0134511578051,0.00251368168228,0.000113645139442,0.0151126213254
img_01831.jpg,0.320102438029,0.000807860418806,2.09441128783e-13,0.567880442079,0.089606414265,0.00498605059208,6.33294572809e-22,0.0166167946156
img_01834.jpg,0.165814097335,1.78974365608e-06,0.00181808247421,1.30474030827e-09,0.00175961610709,0.000142900806038,0.00721341935248,0.823250092877
img_01847.jpg,0.225810407857,0.173397406026,4.91485130586e-05,0.000104682806401,0.00527738074498,0.00916210121381,0.457912978404,0.128285894434
img_01853.jpg,0.177086388299,0.3045032403,2.50602916503e-09,2.10202331073e-08,1.05810872602e-05,8.08379656717e-05,0.00121712555609,0.517101803266
img_01856.jpg,0.494142284034,0.501591270847,2.09682119548e-08,2.69137374665e-06,0.00350293521891,6.01498540187e-08,6.023811547e-09,0.000760731384054
img_01860.jpg,0.276477452869,0.0105043354692,0.463445532009,0.000198199983124,0.0156465847151,0.0960374633473,4.59326080615e-05,0.137644498999
img_01862.jpg,0.000100532168525,3.74472481002e-06,0.00334275252115,2.00027729952e-07,6.93016859364e-07,0.498989189619,8.99383721578e-07,0.497561988538
img_01874.jpg,0.0608503687748,0.000482849947222,0.000591135711549,1.04317300239e-05,0.00191623447643,0.286371518181,0.00221595938734,0.647561501791
img_01888.jpg,0.41646589308,0.000586896961331,0.000835083311377,0.00111004852752,0.00596295759584,0.55892591988,0.00418227972507,0.0119309209186
img_01918.jpg,0.0460385344971,0.0447642111447,3.03666676442e-09,0.537883051372,1.85413530533e-05,1.54102830279e-06,1.02638747105e-16,0.371294117568
img_01930.jpg,0.97818759664,0.00242094656721,0.00042374076073,4.54376470304e-05,0.0165590359987,0.00213765948537,1.35193015488e-08,0.000225569382064
img_01932.jpg,0.409154085425,0.0438891231368,4.36648839564e-07,3.7460815936e-05,0.476257059912,0.00431332467706,2.21777235387e-05,0.0663263316606
img_01955.jpg,0.073675141407,0.000345131020301,0.000124457660989,5.98547898023e-05,0.0433499436172,0.00188283738861,1.58403431187e-05,0.880546793773
img_01963.jpg,0.969654906454,0.000238705099584,1.96186070527e-05,4.40252380274e-09,0.00378826083682,2.9373785466e-05,1.08451014237e-05,0.0262582857131
img_01966.jpg,0.901309826615,0.0309033010157,1.46185936015e-06,0.0268068729176,1.02009528362e-05,1.02647071391e-05,3.94529512581e-06,0.0409541266375
img_01976.jpg,0.928235563012,2.66328371583e-06,6.45730742235e-08,8.63579868126e-05,0.00121392824854,1.02611444755e-06,0.00626210069832,0.0641982960827
img_01983.jpg,0.508354941954,0.00414350508013,0.00836788068503,3.0865249941e-06,0.287939454172,0.000155622691038,0.00049082553162,0.19054468336
img_01984.jpg,0.99380152193,1.20858719158e-05,0.000248891290154,3.43979444591e-07,3.78159723651e-07,4.96168105097e-05,0.000117589264698,0.00576957269333
img_01995.jpg,0.283036297787,0.0289248273779,7.38926522927e-07,0.462492114638,0.000172745227284,0.225060405057,5.96612189698e-08,0.00031281132491
img_01996.jpg,0.0929801001897,0.00121533029706,0.000211646924633,3.59212832433e-07,0.000515905605466,0.899166108853,0.000226223508019,0.00568432540957
img_02001.jpg,0.417943794744,0.000148908142165,2.10480083219e-05,6.75503106561e-07,0.00623347264536,0.130060017122,9.88812512047e-05,0.445493202584
img_02006.jpg,0.949826595755,1.25640373212e-07,0.0270400230479,0.0030880156199,3.92347705062e-05,0.00290660837939,1.39468763594e-05,0.0170854499101
img_02066.jpg,0.769614714127,0.0190063050104,0.000184891903,1.75806063194e-05,0.152436896486,0.0102899724755,0.000425646564268,0.0480239928268
img_02074.jpg,0.230948062268,0.00346538447814,0.154402634787,3.75952543017e-05,0.00383184877171,0.579214448578,3.0712390787e-08,0.0280999951505
img_02076.jpg,0.00179163598679,0.447291745926,1.13282706836e-13,0.000226391541882,0.00076786374251,6.60654165797e-06,7.33607030355e-10,0.549915755527
img_02077.jpg,0.941950950723,0.00845185333991,1.46819472147e-09,0.000465301270556,0.0462640880381,0.00283680739725,3.68289686755e-09,3.09940804477e-05
img_02078.jpg,0.819870491786,6.6315757235e-06,7.45518902741e-05,0.000760905116062,0.179280093589,4.62418766237e-09,9.38614546405e-08,7.22755659341e-06
img_02082.jpg,0.000149544634548,2.61593129785e-14,4.77633992902e-10,1.32375656047e-10,0.483182157922,1.2014360067e-12,0.515809546759,0.000858750072586
img_02083.jpg,0.478322228985,0.000964126288664,2.56301419235e-06,3.70674647607e-07,0.420492725623,0.0999391008417,0.000260997096772,1.78874763155e-05
img_02096.jpg,0.992522850273,5.05809054331e-10,1.68896189779e-08,2.05787912466e-05,0.00707540446484,0.000289622980002,7.85354871338e-05,1.29906081355e-05
img_02119.jpg,0.798631479913,3.89374830441e-05,0.122119531875,0.00138376173643,0.00270614386916,0.0551371185906,0.000506273574056,0.0194767529588
img_02124.jpg,0.687601745847,0.000276690207488,2.6119208374e-06,5.35459457553e-07,0.000610961333323,0.307228209983,0.00181352355189,0.00246572169709
img_02135.jpg,0.467897452804,0.00291786615076,0.00493197242852,8.68231222789e-07,0.522820178489,0.000640302863718,3.6596803897e-08,0.000791322436421
img_02146.jpg,0.906150338669,1.50674792979e-08,2.14352719263e-07,9.06365200008e-05,0.0829189185629,0.00406740643226,9.95585949763e-05,0.00667291180024
img_02159.jpg,0.955902118383,1.52385471153e-05,0.0056516434544,0.00258612839969,0.00266393316004,4.02303973163e-05,8.48470182352e-08,0.0331406228116
img_02172.jpg,0.279616362821,0.00316225642463,0.00160354541533,2.37422917589e-06,0.00262322330547,0.69995238361,8.38790167329e-06,0.0130314662925
img_02180.jpg,0.730060725717,3.4125787858e-05,1.21006479892e-08,2.39760507883e-07,0.00110485817589,0.0536332263102,0.00316553384386,0.212001278304
