image,ALB,BET,DOL,LAG,NoF,OTHER,SHARK,YFT
img_00005.jpg,0.00190189819015,6.14550315767e-08,2.49501273387e-05,1.77170295477e-06,0.997790791692,3.50005818448e-05,3.50446213221e-10,0.000245525900677
img_00007.jpg,0.644047713249,0.0102182728225,0.000662081598139,0.00230456914245,7.96579717528e-06,0.0368623077202,9.51551614393e-07,0.305896138119
img_00009.jpg,0.710096940122,0.282861270594,5.73039456827e-06,0.000639642563514,0.00357687173209,0.00181503342205,0.000826096369054,0.000178414802934
img_00018.jpg,0.930399146576,0.00736656552821,0.000402039845327,0.00225884000952,2.17890833732e-05,0.0291168268053,0.000503383813042,0.0299314083394
img_00027.jpg,0.113532918248,0.0537837848347,0.000108287080701,1.05640479709e-05,0.331195157624,0.193643267717,0.113921305565,0.193804714883
img_00030.jpg,0.000758515378831,3.30538725351e-13,3.83772861967e-09,7.42696445827e-06,0.61379681503,2.32316993498e-20,0.385437227656,1.11324291612e-08
img_00040.jpg,0.439842736492,0.0335632513775,0.00442381489177,1.30654802005e-20,0.0131629454425,0.0693376814064,0.000436731776283,0.439232838613
img_00046.jpg,0.557982088056,1.30678130269e-06,0.000639919841237,5.14631912427e-06,0.231719982466,2.00237782548e-05,0.0830814703893,0.126550062369
img_00053.jpg,0.984331184992,8.57835081333e-11,0.000153019284196,0.0148686060065,0.000647189586593,2.71437825462e-12,2.51033383671e-13,4.20943996537e-11
img_00071.jpg,0.699978628081,0.120528290423,2.96039158233e-06,0.00858287237594,0.129297275658,0.0414656959365,4.14077153731e-09,0.000144272993016
img_00075.jpg,0.893368753398,0.000281250175548,1.93102046116e-05,0.000496694560733,0.00465154846707,0.100740142457,1.58815979242e-09,0.000442299148908
img_00102.jpg,0.12628696544,0.0275536920554,8.37135693597e-05,9.54149027758e-05,0.0977200210191,0.0968425945298,0.292258593015,0.359159005468
img_00103.jpg,0.943175633151,0.0069845956579,0.000160506403006,0.00716559901184,0.00385951237343,0.0350223112337,1.5643254272e-07,0.00363168573652
img_00109.jpg,0.976970757033,0.00148929556757,0.000216537272783,2.49716942655e-05,0.021172370474,6.00475955389e-10,3.46618457117e-06,0.000122601173724
img_00119.jpg,2.16732612996e-05,2.55746848429e-09,3.34052509229e-12,0.0110448859679,0.000381275918257,0.0144205814967,1.77314432351e-05,0.974113849352
img_00120.jpg,0.439997502874,0.0101523326791,0.00165672382811,9.15815641017e-06,0.0135474085921,0.0164268991972,0.0636439261965,0.454566048477
img_00125.jpg,0.684933704313,0.072652752599,0.00512493579476,0.0749146731415,2.18849486403e-06,0.05318940432,2.6213617588e-05,0.10915612772
img_00128.jpg,0.182519469869,9.81466092489e-05,0.0055300963138,0.000947010974294,0.00019528176823,3.09384970467e-12,1.60249407512e-10,0.810709994302
img_00129.jpg,0.540441969809,0.00689636761746,3.21319535969e-05,4.84924892243e-14,0.000202924357419,0.0457592069208,0.00591827337537,0.400749125966
img_00133.jpg,1.2437549454e-05,1.57402655264e-10,1.98330102454e-05,0.000196329696329,0.999718400753,5.24121087499e-05,3.07859335576e-07,2.78865553241e-07
img_00138.jpg,0.895403896978,6.13800324175e-05,1.22245287836e-07,3.75161587447e-09,0.0811135711275,0.0233701985473,5.03092514583e-05,5.18066804503e-07
img_00141.jpg,0.0400807097736,0.0117156428717,0.0024866199148,2.17279253359e-08,5.75311235331e-05,1.14733233143e-10,9.23122903639e-07,0.945658551351
img_00152.jpg,0.148277968789,0.0135127931793,0.000726922303186,1.72185184184e-05,0.0186759862565,0.0036748499182,5.36237003753e-08,0.815114207411
img_00161.jpg,0.00227110991533,2.01501065847e-08,1.89846331918e-12,1.82636718091e-09,0.000948648751256,0.000738358536815,0.0011868488069,0.994855012011
img_00164.jpg,0.00560337051101,4.90301035333e-09,6.77721316883e-05,5.04271495958e-12,0.858383798029,1.9006338748e-07,0.00418836122946,0.131756503127
img_00170.jpg,0.536136961977,0.000131601071557,0.00215391442759,0.384259869318,0.0421793134412,0.00740884937597,3.14495228232e-09,0.027729487244
img_00171.jpg,0.0681880385116,0.0021196961412,0.00017745868156,0.0698530717163,0.000598443297399,0.858694906212,6.32358298651e-06,0.000362061857336
img_00172.jpg,6.47157930142e-09,3.97465122731e-15,2.21902338322e-09,1.49714994138e-11,0.994648097611,0.00535189367863,6.6931550583e-16,4.3682775593e-12
img_00175.jpg,0.204560795669,6.01917747632e-05,0.000421763825053,0.140870237164,0.00404598826677,0.649677381257,8.5478457179e-09,0.000363633495361
img_00180.jpg,0.000262492306687,4.60791528604e-06,0.000132781501327,8.41610937455e-06,0.552439313628,1.20506553522e-05,0.438711963159,0.00842837472444
img_00196.jpg,0.147591583373,0.0095858955878,2.72052417224e-05,8.18461480068e-05,0.631983984525,0.115978293749,0.0373022009324,0.0574489904434
img_00212.jpg,0.176806832173,0.01900022015,0.000196853686673,6.81578597489e-06,0.000803878207463,1.75622088794e-05,2.13112896193e-05,0.803146526499
img_00223.jpg,0.399125095393,0.00151530848224,1.062401309e-06,0.0237986187309,7.58012337457e-16,0.575557838539,2.07645167726e-06,1.29603776139e-12
img_00230.jpg,0.228737277367,0.00589116042271,0.000551572579767,0.0118168669282,2.92724642214e-05,0.752956487447,1.27564407936e-05,4.60635039545e-06
img_00232.jpg,0.00748719414926,0.000196726025665,2.1258149023e-16,6.75143082101e-05,0.0888415629218,9.75211040626e-08,0.902435825044,0.000971080030192
img_00244.jpg,0.454360174881,0.0967541316733,6.49167873264e-06,0.15866822761,0.132781395258,0.0107722015004,0.000192795770125,0.146464581629
img_00272.jpg,0.00185278656128,0.0138985975644,0.500832089239,0.262674519976,0.220542004911,6.73089235213e-07,9.2225520135e-07,0.000198406404593
img_00280.jpg,0.258647209682,1.59220360405e-06,2.28025772963e-05,6.62499513157e-05,0.740917034353,0.000223747513355,5.08492299779e-05,7.05144900369e-05
img_00282.jpg,0.129105087845,0.00464609864395,0.000429844757217,0.0239032124382,0.000940679405113,0.840889104416,9.86118593058e-07,8.49863760722e-05
img_00285.jpg,0.236948431859,0.348487556366,2.03501571933e-06,0.265224499092,3.74228877563e-09,0.00858671913838,0.0387105338235,0.102040220963
img_00289.jpg,0.82987176811,0.0113595406062,1.24112355343e-05,5.30151783295e-05,0.00165878329237,0.00264900722913,2.00037797098e-06,0.154393473971
img_00292.jpg,0.102445985125,1.25632946731e-08,0.0677856285645,3.3494022634e-05,0.00739249635326,0.0291753086885,2.11683084301e-24,0.793167074683
img_00302.jpg,0.283668205774,0.0650009954872,0.0124434057219,2.41222980488e-24,0.0362895771075,0.218937439509,0.00068759381831,0.382972782582
img_00311.jpg,0.999303928768,3.30831116988e-05,7.48574147672e-06,8.07452179993e-07,6.96251810439e-05,6.85138280561e-13,5.34644519934e-06,0.000579723299909
img_00320.jpg,0.983816676347,0.00896209848303,0.00616776766808,0.000175878726503,0.00042047558378,0.000281179325921,1.43673890048e-07,0.000175780191606
img_00331.jpg,0.381049903644,0.000979318308697,4.84126284177e-05,2.39111047495e-05,0.000213480314432,0.00494249149277,0.000261201329919,0.612481281177
img_00358.jpg,0.241251065084,0.0363250074931,0.00221558567952,0.000177562429551,0.000718504390429,0.0999586316276,0.00142471318219,0.617928930114
img_00374.jpg,0.706435513121,0.000471340869637,0.000554083744084,0.000633050839456,7.41951581907e-05,0.00231592397042,7.5815657673e-10,0.289515891539
img_00375.jpg,0.342587603391,0.000173059592359,0.0417617493245,2.20485419141e-05,0.183322272691,0.0117486886435,1.87754121497e-15,0.420384577815
img_00376.jpg,0.952575360426,0.000569844513763,0.00609871504141,2.10703745082e-12,0.00192484796264,0.0141307169985,0.00564838811426,0.0190521269413
img_00380.jpg,0.99281195088,9.05358314303e-06,3.9060025782e-07,4.1779355148e-11,5.27672032083e-07,0.00717748984876,1.62716735395e-08,5.71102500995e-07
img_00383.jpg,0.644531713243,0.000390977500466,0.000589768845747,1.20245492125e-06,3.037749533e-05,1.20294906557e-08,0.00226355606638,0.352192392364
img_00398.jpg,0.862396697861,1.08455703204e-05,1.99613227847e-08,8.44804242649e-07,0.127971012271,1.13667314893e-05,0.0080094615048,0.00159975129539
img_00407.jpg,0.94335593555,0.00139265818986,0.0127407719972,0.000699840104643,0.00167732441774,0.0290189414221,1.06676223072e-08,0.0111145176504
img_00417.jpg,0.0915609733781,0.0407292351904,0.00781597567937,9.72336355377e-06,0.0471584936627,0.00122474650865,5.4514522249e-06,0.811495400765
img_00432.jpg,0.329482287428,0.0405286843314,0.013448872135,0.000105723809493,0.611880292622,0.000117652020133,7.96761494601e-07,0.00443569089245
img_00442.jpg,0.463055011888,9.24927496567e-19,0.000707336405571,5.60694784535e-10,0.00123702347202,0.00173523618226,9.11838638337e-14,0.533265391492
img_00446.jpg,0.926662223034,0.00263154785271,1.52095031423e-09,0.00190300398935,4.19842297606e-06,0.0388226865739,7.16344936399e-07,0.0299756222608
img_00469.jpg,0.116508862587,0.648515802859,1.09162693246e-07,0.00181283404677,0.103864354184,0.044753707023,1.43986103191e-06,0.0845428902765
img_00473.jpg,0.00390063550127,0.332475106796,0.000356300556662,3.10250351435e-07,4.82312078944e-05,0.00436575576819,8.82922745683e-09,0.658853651091
img_00483.jpg,0.215259973496,3.95037980594e-09,4.06242561944e-20,1.02823324789e-14,7.02625301629e-07,1.41279524752e-05,0.00704798270089,0.777677209274
img_00484.jpg,0.735300134778,0.215970111356,6.52926455182e-07,0.00577575982568,0.00538475987644,0.0340218241183,7.54984130239e-09,0.00354674956904
img_00486.jpg,0.843430370713,0.00159954139329,0.0374489707246,0.108185598549,0.000122145666315,0.00853272220407,3.39147076e-05,0.000646736042971
img_00487.jpg,0.314166158251,0.119942373796,0.00772794460075,7.00814364856e-09,0.465541111742,6.13939594927e-07,1.52200838282e-06,0.092620268654
img_00493.jpg,0.0926717124059,1.11803155871e-05,0.00017763687354,5.0330022333e-06,0.429529400741,0.000874151252848,4.89915615951e-09,0.47673088051
img_00518.jpg,0.720193938814,4.3043870937e-08,9.56817860292e-06,5.36291950381e-06,0.27805838358,3.87214231186e-07,0.00035177547091,0.00138054077965
img_00533.jpg,0.104524547658,0.101329293903,0.000419142056149,2.48949255779e-05,0.00883978386347,0.0618670578137,0.0681197175081,0.654875562272
img_00538.jpg,0.723869208742,0.202003256477,8.21590959647e-06,0.0561160824648,0.000102344255975,0.00140645569713,2.56395021536e-05,0.0164687969512
img_00543.jpg,0.998508376013,0.00019282764079,5.97957376515e-06,2.06706104638e-06,0.000378797685707,7.05787169913e-11,3.21190424276e-05,0.000879832912455
img_00550.jpg,0.05408403379,0.000368001127261,0.0676538327906,0.000135676921415,0.853530340055,0.00260842436484,2.0362040202e-05,0.0215993289104
img_00551.jpg,0.833109271275,0.000786140825548,0.00192846294325,0.000367856046323,0.0735261225933,0.056974600041,1.99603479347e-07,0.0333073466721
img_00564.jpg,0.53131809535,7.83509015855e-05,0.000769282742157,9.33739339316e-06,0.46151172514,0.000232916034207,3.69444142274e-05,0.00604334802456
img_00575.jpg,0.24863053769,0.00572412715695,5.4998698976e-05,0.000363908641722,0.055652092112,0.102500252539,0.258301890998,0.328772192164
img_00582.jpg,0.3868179865,0.00054310525604,1.63285033964e-05,5.89505053393e-05,0.554757242493,0.0517183135899,2.40556388835e-07,0.00608783259542
img_00584.jpg,0.716380569134,8.22796594961e-14,1.15516733403e-18,0.163989140384,0.00226346623077,6.86229364519e-12,2.44717092014e-06,0.117364377073
img_00587.jpg,0.561965151249,0.00541039824154,1.06138380107e-08,1.81667013207e-08,9.07980709954e-05,0.00794752810821,0.00690591014353,0.417680185406
img_00590.jpg,0.492571767004,0.00382627995705,1.46790879873e-05,1.14452708842e-13,0.000587927153608,0.0187746354331,0.0443092312957,0.439915480068
img_00591.jpg,0.227647997855,2.72084907857e-05,3.92232320537e-08,2.45133548919e-10,0.000157780166765,0.00351314853879,0.00456560869533,0.764088216785
img_00598.jpg,0.768914049944,0.127877752811,0.00119168444513,0.00781732433172,0.0914806592383,0.00168614927398,8.38622041256e-10,0.0010323791177
img_00599.jpg,0.665425705933,0.000324844615624,1.67875480887e-05,1.16126014339e-07,0.0114740650242,0.00226833791411,0.0130128732876,0.307477269552
img_00612.jpg,0.306186156155,0.00116598292523,6.51006652032e-05,0.00125759607719,3.78233165467e-05,0.669356555301,0.0214071468002,0.000523638760033
img_00618.jpg,0.177910143662,0.272570745009,1.62003782874e-05,3.97908108892e-05,0.0039802100351,0.0222512837083,3.25024177092e-06,0.523228376154
img_00620.jpg,0.701659340796,0.000336278927817,8.44075003034e-11,0.000674852227282,6.07939337408e-16,0.297328592836,9.35128242896e-07,6.24508282231e-13
img_00642.jpg,0.745649637087,3.01306066737e-05,3.54739569759e-08,0.0162381438484,8.77667555534e-06,0.00035903785004,2.25347737095e-09,0.237714236205
img_00646.jpg,0.00257290520906,0.333647749175,0.0109458969274,1.04360035651e-10,0.00112331026076,0.00456993835373,0.000152480635559,0.646987719334
img_00648.jpg,0.995207284818,4.8660033209e-06,1.74227849603e-06,2.23502111348e-06,3.85005375926e-05,5.37191777465e-12,3.04298613179e-07,0.00474506703725
img_00650.jpg,0.761754549714,0.000115986070554,0.153717715294,6.88750994595e-06,0.000159808605115,1.1460114253e-05,0.000397816543599,0.0838357761487
img_00654.jpg,0.228487990218,0.0296667832991,0.00930912691789,1.07559395891e-07,0.0915511260558,0.0026843340719,1.15698538799e-08,0.638300520308
img_00664.jpg,0.903793720316,0.0014014725946,1.67399301226e-05,8.50384145214e-13,0.0856067909596,8.6787164457e-09,6.80810275793e-10,0.00918126683915
img_00667.jpg,0.0168937204116,4.76669449773e-07,6.20136029958e-09,0.000109338200096,0.98177035488,1.15195261929e-06,3.33910983546e-06,0.00122161257516
img_00676.jpg,6.66540397465e-06,1.19535105575e-11,2.46578661338e-11,0.0122221593888,0.00483633965546,0.000425987902553,2.12358042997e-06,0.982506724032
img_00697.jpg,0.0436062129436,0.0825451802671,7.69485403742e-05,0.0108306770692,7.62358975464e-06,5.21915554688e-11,0.000701524947753,0.86223183259
img_00708.jpg,0.585880067051,0.00771374200498,0.00195111517306,4.81810407537e-13,0.0179895738446,0.175024623294,0.000607041148,0.210833837484
img_00716.jpg,0.170465633121,0.0221137392029,0.000165833249863,5.16492398638e-06,0.0501759691774,0.0740609104468,0.104744812712,0.578267937167
img_00717.jpg,0.971164660428,0.00333472292618,1.1445455369e-05,0.00267030031223,0.000340822612646,0.0208179584834,1.02236837781e-06,0.00165906741354
img_00718.jpg,0.49975291174,0.000127703968315,0.000252676929009,3.21959084391e-05,0.0114286399396,0.467655963849,5.52439738573e-09,0.0207499021408
img_00723.jpg,0.281627445757,6.48092026238e-13,0.318946487553,1.05403362821e-08,1.89587925703e-06,2.20141873385e-08,0.0784174298484,0.321006708407
img_00724.jpg,0.634181823969,0.0233429466419,3.80602802869e-06,4.75016425788e-05,0.000349928260339,1.05328086434e-07,8.77187655798e-06,0.342065116254
img_00726.jpg,0.613217703305,6.8868088451e-06,9.72801159544e-09,0.00197673352769,0.00418425689164,5.0938065185e-10,0.258251528164,0.122362881066
img_00729.jpg,0.420314528618,8.71547934494e-07,9.31083858874e-06,1.45693112139e-07,0.300300789913,3.23536867569e-13,0.279374271654,8.17347562824e-08
img_00730.jpg,0.491077106939,0.0675501087708,0.00405920778128,1.97275407349e-06,0.0247893780579,0.133281636119,0.0870734001791,0.192167189399
img_00757.jpg,0.692944182252,6.72120597915e-07,0.000375657399097,4.69469510193e-05,3.85951692023e-08,0.306624878075,7.5927618173e-06,3.18452382621e-08
img_00760.jpg,0.69101749775,0.000295050604024,0.000315830054111,0.00117123020432,0.218212140093,0.0659366219545,7.29778977465e-06,0.0230443315502
img_00763.jpg,0.0742425528888,0.0332955640981,0.000359398101853,3.03842443126e-05,0.593987553544,0.0931191152413,0.0882793585664,0.116686073316
img_00764.jpg,0.000378715212159,0.000106381400099,0.643131587629,4.41637234173e-08,0.00387601495531,5.22644359339e-05,1.03048590057e-05,0.352444687344
img_00765.jpg,0.0400749090671,0.000152984993139,0.000109359691592,0.393809530112,2.91357010894e-05,0.560671145768,0.00503899958158,0.000113935085535
img_00772.jpg,3.27496301771e-08,0.406342179632,0.409618525068,8.81817763618e-08,2.80675428707e-10,1.92105526019e-09,4.19899424431e-07,0.184038752267
img_00773.jpg,0.962590187852,0.0106662512379,0.0236647469207,0.000272960185585,3.15613977832e-07,0.00271342632363,3.28734722333e-06,8.88245187741e-05
img_00777.jpg,0.873193286604,0.00215346722232,7.50847671769e-07,0.0486113881433,1.4909039953e-10,0.00165617880771,2.48137074872e-06,0.0743824468556
img_00780.jpg,0.326514408483,0.276249075306,6.02195824816e-05,8.43443652517e-06,3.44867254963e-05,1.25151807182e-06,5.01084245242e-06,0.397127113106
img_00798.jpg,0.972716370123,6.7018626162e-05,4.95325277755e-05,0.000763633405576,0.0252635476218,8.20017009955e-05,3.95826674537e-09,0.00105789203655
img_00808.jpg,0.173822593987,0.182897629059,3.97148447308e-05,0.0179182819944,0.623620448734,0.000278595999275,3.72051359926e-07,0.00142236333057
img_00816.jpg,0.499868339664,2.84018918003e-10,0.499865954293,2.24910405307e-09,0.000252307351024,2.90332447177e-06,1.91265226223e-07,1.03015695921e-05
img_00828.jpg,0.0423618580743,0.0198722623728,1.24213170986e-05,1.28046626411e-05,0.57883136749,0.259334685915,0.02774300319,0.0718315969777
img_00833.jpg,0.627025671964,0.00778829852905,0.00997507781713,2.72468747273e-09,0.00339351555641,0.0450425397816,0.00415189206009,0.302623001567
img_00837.jpg,0.489229800132,0.163654281993,0.00558329683245,0.000378645934702,0.00794596758846,0.000834103729406,5.04247373569e-11,0.33237390374
img_00855.jpg,0.634663548109,0.0006567153066,1.08969845769e-06,6.87375553315e-05,0.00378792627652,0.0545613304964,3.63125577887e-08,0.306260616245
img_00857.jpg,0.986230599935,0.000416803958775,0.00478106149161,3.31338644328e-05,0.00774565136755,0.000278996814315,4.10997741414e-08,0.000513711468446
img_00858.jpg,0.504835042871,9.89852105723e-07,0.00215765951754,0.000440665097355,0.0480545110898,0.000739391988723,5.96412394667e-10,0.443771738987
img_00865.jpg,0.48436537788,0.085036952952,7.9814801555e-06,0.0723474401397,2.70733334354e-06,0.351040280064,0.000442912369546,0.0067563477813
img_00876.jpg,0.00157209519468,6.37915901241e-09,1.89392404988e-14,0.0038051371832,1.61796043303e-09,0.0132327308254,2.39114831876e-06,0.981387637651
img_00889.jpg,0.00244610134437,5.15041791699e-08,0.120874385897,5.10617280211e-08,0.176676118959,4.52831073193e-10,2.68375369383e-09,0.700003288097
img_00894.jpg,0.973876111223,0.00792810207081,0.000245929561408,5.38220566812e-05,0.0157725375904,0.000478997753701,1.44020463625e-06,0.00164305953938
img_00902.jpg,0.0123757450593,0.00104663132619,2.46571301653e-13,0.000222036119151,0.575439690778,4.40773105115e-06,0.407396378235,0.00351511075077
img_00914.jpg,0.316197887594,5.0224905897e-06,2.31326676611e-06,1.6168012009e-05,3.30623908538e-06,0.00259141051239,4.86562618798e-08,0.681183843229
img_00921.jpg,0.476784119424,0.000301401130952,0.0671656415253,2.43897294242e-16,0.00720741783111,0.414488948249,3.72487329925e-05,0.034015223107
img_00927.jpg,0.17612547424,0.00226707297313,2.26959356008e-05,3.21380273873e-10,0.0102471070362,0.0332226379409,0.116268431444,0.661846580109
img_00943.jpg,0.253357120909,2.25702385559e-08,2.52744070785e-19,7.3134168667e-14,9.00578199443e-07,2.06416504537e-06,0.00578247370201,0.740857418076
img_00948.jpg,0.268296857278,0.00297069153991,0.000420395307489,0.000108037649107,0.726050228381,7.82223015703e-05,6.84625897511e-07,0.00207488291689
img_00950.jpg,0.251555459934,0.105323112682,0.0392672136889,1.43286711843e-06,0.5886898646,6.80103455357e-06,1.31290646924e-05,0.0151429861288
img_00959.jpg,0.929532584603,1.19473083057e-09,3.78582807068e-11,2.84132108815e-05,0.0670859944959,1.85768783547e-06,1.20921764957e-06,0.00334993955248
img_00962.jpg,0.195118339802,0.0043589176152,0.125848246092,6.26495008707e-07,0.000791098423679,5.62925820221e-06,1.57436141965e-06,0.673875567952
img_00964.jpg,0.00700126165694,1.66131939341e-05,0.298658303447,2.95648837654e-06,0.0222270048355,1.96168816751e-07,2.3890793225e-08,0.672093640318
img_00966.jpg,0.0598049529024,4.7883298579e-10,7.56367896334e-20,5.5885007049e-16,2.23456814615e-05,2.78864625407e-05,0.00133318625463,0.93881162822
img_00974.jpg,0.454096402803,0.00377366272237,5.20247561202e-06,0.00146007991617,0.000518761571791,0.000139107944932,2.82309924184e-07,0.540006500256
img_00979.jpg,0.0914945835295,0.00269349542699,0.305305375426,6.07678339716e-06,0.00214997916098,0.101247702119,1.70928463205e-06,0.49710107827
img_00982.jpg,0.948631413073,1.7460035605e-14,1.78963133879e-18,5.86247745608e-05,0.0147247314299,9.41551989886e-10,1.34012073299e-09,0.036585228441
img_00985.jpg,0.108290002928,3.41063421927e-08,0.0925198550651,6.85405902995e-05,0.0154640298007,0.0398025380838,4.0507166402e-24,0.743854999426
img_00999.jpg,0.328032179701,0.00483036006583,3.27577220919e-05,1.16577788472e-08,0.0515921594557,0.0318357733848,0.00139510033555,0.582281657677
img_01022.jpg,0.911911338881,1.12327251529e-05,3.54877690344e-05,0.00317360181461,0.0841886930329,0.000149729297457,4.6347038833e-13,0.000529916479037
img_01031.jpg,0.636525413311,0.000283970018233,1.69653156068e-07,1.40032888299e-05,2.65867926424e-06,0.363173078366,7.03858910769e-07,2.82464260016e-09
img_01035.jpg,0.558195382161,0.0821232528708,8.10956765554e-11,0.00474213890133,3.65353012956e-14,0.000504853501052,8.84070824246e-06,0.354425531776
img_01043.jpg,0.347021291825,0.000525186024744,4.69118918148e-06,0.0108603271314,0.579692297046,0.0618936258788,5.43704362099e-07,2.03720083552e-06
img_01058.jpg,0.897578318325,6.11196872743e-05,6.42841075253e-06,0.000534297859576,6.01754664319e-07,6.43534520552e-05,0.000889658935273,0.100865221575
img_01059.jpg,0.23549825895,0.00138987808843,2.6428369286e-05,1.4237832346e-05,0.000816261627077,0.515784197934,0.237214169021,0.00925656817809
img_01090.jpg,0.48034530824,0.510960348048,4.055383973e-07,2.49829214844e-06,0.000236667913501,0.000540882016453,4.75212525057e-13,0.00791388995066
img_01102.jpg,0.782748980306,0.0158231722733,1.26355285109e-05,4.14220326349e-05,0.199318562215,0.0011618763615,4.22587002726e-11,0.000893351240301
img_01103.jpg,0.132128237043,0.461936909166,0.00178099089959,2.58875153758e-05,0.0687601067538,0.000604696265176,1.23822641964e-06,0.33476193413
img_01116.jpg,0.30690355855,5.58254671397e-05,0.000214302682665,0.0073622046842,2.4161202375e-05,0.193126196936,1.61107482101e-06,0.492312139403
img_01134.jpg,0.959014774221,0.000732689545483,0.00126560444089,0.00462370302237,0.0168425284278,0.00860341244253,2.54866146896e-09,0.00891728535096
img_01142.jpg,0.686433695564,0.000477779336997,8.08626913074e-05,7.86270666878e-08,0.118720107467,0.000706636112898,1.90018539935e-12,0.193580840198
img_01168.jpg,0.00108031980518,8.08226741455e-05,0.000538611735914,0.216814773426,1.16215916864e-10,0.781484562992,6.69154630342e-07,2.40095845686e-07
img_01171.jpg,0.0051217938951,7.49216867138e-06,0.000279083480138,7.46687396278e-05,0.575177477755,0.00164777083202,0.0782064625641,0.339485250565
img_01177.jpg,0.743914793305,0.0264462157118,2.88585699961e-05,1.01405735403e-06,0.217786773296,0.00423937073025,1.41934536204e-06,0.007581554984
img_01179.jpg,0.520925362642,5.10865556642e-15,0.000903211061372,0.477815551618,0.000355874678886,2.83826325246e-13,2.98287595964e-17,2.08758536351e-13
img_01188.jpg,0.838256822557,0.0128467933624,6.35018652334e-05,0.0019296167703,0.0023460995556,0.124639181486,0.0125593894184,0.00735859498516
img_01198.jpg,0.786089211956,0.0322096766338,0.00245851745624,1.33248299032e-05,0.177988227566,2.63784387599e-06,4.29951043556e-07,0.00123797376307
img_01204.jpg,0.0139504521644,0.00100858111946,1.16287173774e-06,2.82568167948e-05,0.978718009128,0.001730385968,0.000283778149014,0.00427937378268
img_01208.jpg,0.285163498521,0.00884890732171,0.00706737378907,6.04003244189e-08,0.692477794961,0.00156856372129,3.90870891554e-07,0.00487341041491
img_01211.jpg,0.973143251113,0.00184273341503,0.0208220302572,1.27975967019e-07,0.000630698585774,2.527446004e-12,0.00230563312443,0.0012555255265
img_01213.jpg,0.299416362578,0.350697971521,1.33185672071e-05,5.06129910099e-05,0.349773523934,4.8129956149e-05,1.71056170671e-13,8.0452779938e-08
img_01222.jpg,0.795893597569,0.00136704268417,1.80993224403e-06,0.00513778949562,1.47070489151e-05,0.0046526649845,4.04018031219e-05,0.192891986482
img_01224.jpg,0.61102161936,3.28086206442e-06,8.74493298654e-06,1.25956045288e-05,0.00160882783063,1.01461056511e-07,1.75275297783e-06,0.387343077195
img_01237.jpg,0.303821624764,0.000668384299284,0.000216911334725,1.22999426314e-07,0.513990126603,3.19988323888e-05,0.00215945245286,0.179111378715
img_01249.jpg,0.253445307871,0.0132658861731,0.010675268649,0.000536913214418,0.707295658239,0.000938061903639,3.90260646154e-08,0.0138428649244
img_01253.jpg,0.00914832395202,2.4758263532e-07,3.32007562322e-13,1.24898959877e-10,0.000279690543177,0.000276001679853,0.000302813143422,0.989992922974
img_01286.jpg,0.344528508038,3.13174344451e-05,2.75546729779e-07,7.02967496569e-08,8.24787138139e-06,0.384632986662,4.37123597281e-08,0.270798550439
img_01289.jpg,0.219312235718,0.00792333211676,5.02976517904e-05,4.48385113284e-05,0.00187516802669,0.373335925043,0.390254279743,0.0072039231891
img_01325.jpg,0.0662591471445,0.0382511855325,0.00080990858917,0.00208757813587,0.0262721803023,0.145394663747,1.70875255524e-05,0.720908249023
img_01328.jpg,0.969401369902,3.82254237256e-06,3.10559080822e-06,0.0287252014704,0.00180910009594,5.72683189633e-05,4.11208698263e-10,1.3166799923e-07
img_01366.jpg,0.154645246056,0.000249660537755,0.000123067099113,0.154543561171,0.0141139513729,0.674039918432,1.62680835747e-10,0.00228459516823
img_01371.jpg,0.95705116528,0.00458417814364,1.24718095406e-06,0.00259141927572,0.0340743721468,0.000201947777503,7.22337757892e-11,0.00149567012279
img_01373.jpg,0.752648717109,5.38226224958e-06,0.00330166790008,0.000563194728793,0.243309001378,5.26681217134e-05,1.26050642874e-11,0.000119368486804
img_01377.jpg,0.740143671527,0.0106486977451,0.00209390084129,8.46059975687e-08,0.212205195131,6.17775464552e-05,9.51631299541e-07,0.0348457209712
img_01379.jpg,0.90528972852,0.000907129789986,0.00139733765846,1.8059205833e-05,0.00508772415222,0.000827597975273,3.06536675345e-07,0.0864721161617
img_01384.jpg,0.0502203537281,6.38322802839e-05,0.206536868501,3.38346278398e-05,0.649089321247,0.0896092077936,3.45632638303e-06,0.00444312549558
img_01388.jpg,0.923873666245,0.000607448238568,6.30141861746e-07,0.000167953347257,4.49524911354e-05,0.0698621795041,1.00958063746e-08,0.00544315993642
img_01392.jpg,0.00178160409734,0.459572539579,1.97915943147e-05,0.13820437769,0.00675310778859,7.71244851203e-10,0.00280367012615,0.390864908353
img_01399.jpg,0.026893449827,0.00150649136797,0.00144509438608,0.000465305726064,2.33863168913e-05,3.06898911927e-09,0.000149350831782,0.969516918475
img_01404.jpg,0.972090187826,0.000290591481777,5.02115364938e-08,0.0251275986266,0.000508599358254,4.33486869239e-07,3.40400334803e-06,0.00197913500603
img_01405.jpg,0.953792462566,0.000753506851245,0.000237647669217,7.83942966167e-05,0.0119818988637,0.0319776009597,1.95532363704e-07,0.0011782932615
img_01413.jpg,0.940637365366,0.00552546970707,0.00020255205922,0.013024175455,0.00901902624571,0.0233747717999,6.62066493539e-16,0.00821663936725
img_01426.jpg,0.350850445721,0.0432840813417,2.34784592673e-08,2.78880332982e-07,0.000190611204662,0.000471837478179,0.000178889828173,0.605023832067
img_01431.jpg,0.430867756146,0.00466778620402,7.78660872163e-05,0.0780876669487,0.0437126276631,0.36414017526,1.229154271e-05,0.0784338301489
img_01441.jpg,0.104457706104,0.0772991479104,0.00755202830982,5.92495355068e-06,0.073320721102,6.0836603124e-06,5.04367107834e-05,0.737307951249
img_01444.jpg,0.285535293725,0.0405197215456,0.00158642475475,5.12220243968e-07,0.0175721383057,0.263857763007,0.0300843211415,0.3608438253
img_01490.jpg,0.0122193372921,0.627659655146,0.000211442781041,3.89869394007e-17,2.05038891455e-05,6.71527970464e-05,0.000167458469526,0.359654449625
img_01495.jpg,0.926226122781,0.000577364220164,0.000190813190707,0.00481239834986,0.00345123545429,0.0210262614709,8.02984950434e-13,0.0437158045326
img_01505.jpg,0.000102632583676,8.29016746459e-10,0.000139430713039,3.09818922138e-05,0.479607279611,0.000265852617433,0.143054638252,0.376799183502
img_01511.jpg,0.926427402174,0.000120825835302,1.29275871809e-05,0.000108068887569,4.39335841489e-10,0.07332894748,1.82549318476e-06,2.10318444377e-09
img_01519.jpg,0.4107871578,0.407993343255,9.33529965032e-06,0.137284376201,1.05567632352e-10,0.00467506322766,0.00722797869677,0.0320227454144
img_01530.jpg,0.911086627856,0.00782892773636,0.00474025612927,1.76136722203e-05,0.0466918195824,0.026886949227,1.82302068514e-06,0.00274598277619
img_01537.jpg,0.751279923606,0.00164590123434,0.154912395941,1.5221377312e-05,0.00399320395705,0.0640634157603,4.87333616932e-14,0.0240899381239
img_01538.jpg,0.901250208746,0.0043708328154,1.28329156415e-08,0.0433654894659,0.0459160053829,0.00501069527802,2.31279906429e-12,8.67554764527e-05
img_01541.jpg,0.0566838804156,0.0171022501483,0.00031339083518,2.46450393467e-05,0.811749773809,0.0256681955031,0.00565404593918,0.08280381831
img_01543.jpg,0.952955891953,3.00320175504e-06,1.07313490716e-08,2.94338494245e-05,0.0469416089398,3.4990121263e-07,1.28072778923e-06,6.84206955367e-05
img_01548.jpg,0.969223640633,1.64533343821e-06,3.67200053258e-07,2.7599999673e-08,0.0307687593129,1.77190818175e-12,1.00222579205e-06,4.55769274825e-06
img_01552.jpg,0.872672421565,0.121792559033,5.4622319154e-06,0.000109775737885,0.0053087899269,0.000107259728194,6.59018009848e-07,3.07275951219e-06
img_01561.jpg,0.594630423583,2.89765205168e-06,3.90212105694e-07,3.48030304907e-13,0.39857645406,2.80832244028e-06,0.000214598406755,0.00657242776296
img_01562.jpg,0.882620340677,0.00194217530588,0.00430142175182,1.57433927569e-06,0.00283411101339,0.0272445474567,0.00680598761474,0.0742498418408
img_01571.jpg,0.0407259275534,1.38500566107e-08,1.15014785048e-18,1.12729309557e-14,6.93991574723e-06,2.94150442472e-06,0.0743346449509,0.884929532225
img_01593.jpg,0.0816519013004,0.0357517039375,0.00108758251389,0.000674475978955,0.000129638580621,0.0122159790033,0.00345047579735,0.865038242888
img_01595.jpg,0.016884535466,6.00400034183e-06,1.25144716806e-07,0.00934570476566,0.961705387639,3.42408984343e-05,0.000140144174128,0.011883857912
img_01616.jpg,0.972068376571,6.63964406776e-06,2.45042148964e-05,6.3850494703e-08,0.00754526089802,3.30663442366e-10,0.00012002781808,0.020235126673
img_01618.jpg,0.769966001146,0.0127350733264,1.69719335899e-06,0.000110634638144,7.95420641164e-06,0.0449360318945,3.16075933593e-05,0.172211000002
img_01627.jpg,0.952781850287,3.1130148839e-05,1.56527920429e-08,1.24175757581e-07,1.67109021403e-07,0.0471775894376,8.67093022556e-06,4.52258678218e-07
img_01632.jpg,0.996152366649,2.04722703839e-05,1.40528149925e-10,6.0904285287e-10,0.00256787301406,1.38907349477e-18,0.00116500672182,9.42805947055e-05
img_01633.jpg,0.640750593563,0.00635872637997,0.000221625038529,0.0001083096988,0.000157922390473,0.134459380024,0.21786350557,7.99373344994e-05
img_01640.jpg,0.99652869798,0.000102955449529,2.06092634344e-06,6.80757509443e-07,0.000103055552616,2.43853551099e-12,2.23443279562e-05,0.00324020500345
img_01646.jpg,0.725569434786,0.00185803152263,7.22150821635e-07,0.0449222886014,0.0533799407514,0.173047224403,1.10454445664e-09,0.00122235668091
img_01647.jpg,0.740408813708,0.00132587603106,0.0211363773933,1.12246275301e-06,0.188282493233,5.61907748074e-09,0.000691890825708,0.0481534207277
img_01649.jpg,0.260211302649,2.83123496694e-08,1.17927172362e-08,0.213875952761,0.000247552775773,0.263977806926,0.261685990776,1.35400762654e-06
img_01657.jpg,0.089866473847,0.0970939952691,0.810196200516,0.000223535025565,0.000458938834162,1.20637230565e-06,0.000145741905081,0.00201390823046
img_01669.jpg,0.852693376377,0.00263161930665,1.79484917468e-05,0.0399247901955,0.0247051688868,0.0447305781448,1.13586392647e-05,0.0352851599586
img_01673.jpg,0.177755471319,0.294401118641,9.22091506706e-05,0.000545934733267,0.518600344313,0.000222879855184,6.99860150456e-07,0.00838134212763
img_01681.jpg,0.938050387755,0.0006940859638,5.2233727403e-05,8.71041840112e-05,5.92512739472e-05,0.00195273733868,0.00123525082754,0.0578689489291
img_01684.jpg,0.613491630929,0.0843441144797,0.00845743539451,0.000625608826894,0.000702765231723,0.00387777867411,7.75839770791e-08,0.28850058888
img_01685.jpg,0.0372568314007,0.00921821108044,0.0034162755729,0.0001967306459,0.0374422109425,0.0785562354438,0.000780676786208,0.833132828128
img_01687.jpg,0.211851316087,0.00777198161983,0.00107785565817,3.596681847e-07,0.0238417567837,0.0127322495753,0.061928717318,0.68079576329
img_01688.jpg,0.139010758638,0.000604344887053,0.000399030788001,0.000103946565436,0.010497220187,0.438330366993,0.408302352607,0.00275197933447
img_01689.jpg,0.619188338087,0.0579645515589,0.00470581665138,1.55397463268e-05,0.000255374421083,0.00017404363384,2.44511715797e-06,0.317693890784
img_01716.jpg,0.0266521326192,0.00807875907821,1.22374957585e-05,0.000191095376299,0.878563348163,0.00782647951937,0.0736783646603,0.00499758308809
img_01717.jpg,0.1674106727,2.1601390641e-14,0.278943103533,1.23222623267e-08,1.39649405777e-05,4.71235351852e-08,0.274680804804,0.278951394577
img_01724.jpg,0.639861947475,0.00312258140499,0.286549943525,2.56909410127e-06,2.01271686056e-05,0.00632206767403,2.19450512268e-14,0.0641207636588
img_01745.jpg,0.881937910644,0.0820969272398,0.00638947660618,0.016366471474,0.00402608078581,1.3726898802e-06,1.38849464666e-05,0.00916787561348
img_01771.jpg,0.937576225812,0.0176815994689,2.56923483606e-08,6.82328121322e-05,3.58131031558e-05,0.0446379498959,1.15861478732e-07,3.73542612294e-08
img_01773.jpg,0.636217695351,0.00835447520271,0.012279059,2.35104691147e-05,0.00336898216269,0.00203025804729,0.309301328352,0.0284246914152
img_01781.jpg,1.67424593461e-18,3.20074348093e-08,3.02004415123e-05,9.24790207822e-15,0.333322126165,0.333322126173,3.3894878884e-06,0.333322125726
img_01782.jpg,0.028202986287,2.73514217662e-06,2.99179650908e-07,0.000409289157223,0.963370812987,0.000303503278986,1.78364066346e-05,0.00769253756177
img_01802.jpg,0.891667765007,0.0126076870167,0.000174072981543,0.000748720691766,0.04131698987,0.00120611437901,6.42949802551e-07,0.0522780071044
img_01803.jpg,0.0222484425263,0.00289739733847,0.144554276615,3.5709982105e-05,9.95276515081e-05,1.85507568736e-11,1.75977656479e-08,0.830164628271
img_01824.jpg,0.822553943611,0.000313114968697,0.00016537348727,8.41060215908e-05,0.000572684561954,0.0341620888272,0.141423792148,0.000724896374432
img_01825.jpg,0.364941846573,0.604429380575,0.000362187309901,0.000113294697849,0.00663889929583,4.86322566237e-07,9.05900743223e-05,0.0234233151513
img_01831.jpg,0.829251718145,0.000264079378325,0.00781000652235,0.0584415363655,0.0839380364212,0.0125550968727,2.21629560416e-06,0.00773730999935
img_01834.jpg,0.888729569111,2.21005760009e-07,0.00362481244795,1.6234944686e-05,0.026484858514,4.51341467259e-05,7.70701595733e-07,0.0810983991286
img_01847.jpg,0.158487744859,0.0192799185609,0.000172573485439,3.17290054647e-05,0.0152384986547,0.0566681066179,0.324817811775,0.425303617041
img_01853.jpg,0.159211866765,0.00107593565722,2.01393781319e-05,7.7309806732e-11,0.0367240346176,0.0195811706417,0.00940822274028,0.773978630123
img_01856.jpg,0.716724257063,0.00041471289524,0.0035351946993,3.88354668469e-08,0.0166297894681,3.7567622897e-17,3.55637992509e-07,0.262695651401
img_01860.jpg,0.450426678202,0.0248655605545,0.044681891272,1.15101326932e-25,0.0358530156079,0.382569455988,0.000763126052841,0.0608402723228
img_01862.jpg,0.688803607884,0.0133630673441,0.247616666397,3.25519282589e-07,4.55259980583e-06,0.00240057062861,1.1340128456e-12,0.0478112096265
img_01874.jpg,0.0992879332986,0.000416028635033,0.0117101210484,6.5318032254e-07,0.00134234465651,0.0582310817465,0.00125430212504,0.82775753531
img_01888.jpg,0.753427544332,0.0186859336533,0.000514297370181,0.00123147393927,0.00242882270166,0.115772102937,0.105780651692,0.0021591733743
img_01918.jpg,0.133888087821,0.750732800304,1.55955862804e-06,0.106003449696,0.00688359989919,0.00244038780358,3.45257182593e-07,4.97696592973e-05
img_01930.jpg,0.998294320899,2.2055350465e-06,6.10787853167e-07,4.53284871968e-13,3.30345919909e-05,0.001661696808,8.83781208473e-08,8.04299914656e-06
img_01932.jpg,0.153793992371,0.411979872868,2.57572474335e-06,0.0191671029916,0.348685776573,0.0392734828905,6.08937734146e-06,0.0270911072046
img_01955.jpg,4.16777441708e-11,9.85896679725e-12,3.34656869345e-12,7.79173883489e-09,0.00150079695752,7.4156824923e-09,2.19073987392e-09,0.998499185589
img_01963.jpg,0.957665727698,0.00121388752762,6.50916161383e-06,7.63633384657e-06,0.000918606453812,3.70525014352e-05,3.16910011976e-08,0.0401505486331
img_01966.jpg,0.253524397341,0.0101742349552,9.85990401221e-06,0.555526548646,3.22388233125e-05,6.58746464606e-12,0.0181047316421,0.162627988682
img_01976.jpg,0.643513881468,0.0255627593809,0.245687263047,2.31844795106e-05,0.00279928641848,0.00292891071101,0.0793661689329,0.000118545561912
img_01983.jpg,0.140735459826,4.11038270207e-05,0.734504566385,7.08623005233e-06,0.122284469756,0.00202103559479,2.24764219696e-07,0.000406053616209
img_01984.jpg,0.478937279415,0.000153719909968,0.00250682425598,0.000335716096002,8.93929176313e-11,0.00097972329901,0.0378942943331,0.479192442601
img_01995.jpg,0.0102442015159,0.0610882783181,3.0347777113e-05,0.0884001924898,3.80311804046e-08,0.805516348375,0.0126372065571,0.0220833869357
img_01996.jpg,0.941266701959,0.00681737799908,0.0145686043669,0.002025960392,1.67263807343e-07,0.00342227709903,0.0242110529078,0.00768785801256
img_02001.jpg,0.205563951206,0.0110395676455,0.0154848774843,6.31570881612e-07,0.0524846094362,0.132598836783,0.000423539613899,0.582403986261
img_02006.jpg,0.0797714354323,0.0416986547847,0.297065990737,4.0606989146e-05,0.263111498017,0.00162503244943,0.0189724569525,0.297714324638
img_02066.jpg,0.868712693188,0.000377089663948,0.00191934652127,0.000210789478728,0.00779404744653,0.00247760779478,3.89900154244e-14,0.118508425907
img_02074.jpg,0.962719220482,0.000127094198293,0.00462904385215,0.0025705731669,0.00366362522297,0.0243480862491,2.59912648297e-10,0.00194235656876
img_02076.jpg,0.719887779098,0.0206667478548,0.0407164433356,6.41749616872e-08,0.0348864627839,9.63917142034e-05,6.72595395422e-06,0.183739385085
img_02077.jpg,0.30032555014,0.221478375031,0.000115288600016,0.187733532874,0.0138454381754,0.268704261693,0.00779192225159,5.63123413258e-06
img_02078.jpg,0.954146687143,0.00280009178157,0.00824213187289,3.81577823522e-08,0.030989722026,2.57013274327e-07,2.32452467024e-06,0.00381874748113
img_02082.jpg,0.34868976432,1.47133731313e-09,1.4667168431e-09,4.93742244301e-08,0.589428949567,2.15789680972e-12,0.061878783633,2.45016530645e-06
img_02083.jpg,0.0339593572139,1.398074773e-05,8.04858744185e-06,4.66158817076e-07,0.902137969642,0.0618452087624,1.05284954757e-06,0.00203391603772
img_02096.jpg,0.913379821615,5.39931769138e-08,1.24139483384e-08,0.000750684904515,0.0790338166728,4.00855790258e-07,0.000162148849114,0.00667306069591
img_02119.jpg,0.051852956633,0.020072056969,0.58706053436,0.0162649022645,4.49926047164e-05,0.324624285612,1.23970447094e-05,6.78745124371e-05
img_02124.jpg,0.446323773911,0.146806938936,0.00693429742087,0.0367818233539,1.8523806367e-10,0.349648435779,0.0113722589007,0.00213247151437
img_02135.jpg,0.451393134857,0.065455890238,8.73125224395e-06,0.000134587704844,0.481789607826,0.00121384212133,4.20387317752e-06,2.12768694994e-09
img_02146.jpg,0.651568222631,0.00695216111299,0.000175395811149,0.000167859050355,0.0125564656387,0.000136426741628,9.74472576248e-08,0.328443371567
img_02159.jpg,0.207967007779,0.00073905998546,0.00168378410059,0.000128894077419,0.502659747964,0.00243448858605,1.22847264858e-05,0.284374732781
img_02172.jpg,0.567667851172,0.00136499027096,0.339362568228,2.00897512862e-05,0.000517735313541,0.0640019829866,3.2623469534e-13,0.0270647822772
img_02180.jpg,0.464294466629,0.000102254553018,1.06687469126e-05,0.000328307037876,2.54767300574e-08,0.256845234065,0.00121655068067,0.27720249281
